2.15 2.75 0 0 0 0
2.15 2.75 0 0 0 0
2.15 2.75 0 0 0 0
2.15 2.75 3.35 0 0 0
2.15 2.75 3.35 0 0 0
2.15 2.75 3.35 0 0 0
0 2.75 3.35 3.55 0 0
0 2.75 3.35 3.55 0 0
0 2.75 3.35 3.55 0 0
0 0 0 0 4.2 5.8
0 0 0 0 4.2 5.8
0 0 0 0 4.2 5.8
0 0 0 0 4.2 5.8
0 0 0 0 4.2 5.8
0 0 3.35 0 4.2 5.8
0 0 3.35 0 4.2 5.8
0 0 3.35 0 4.2 5.8
0 0 3.35 0 4.2 5.8
0 0 3.35 0 4.2 5.8
2.15 2.75 0 0 0 0
2.15 2.75 0 0 0 0
2.15 2.75 0 0 0 0
2.15 2.75 3.35 0 0 0
2.15 2.75 3.35 0 0 0
2.15 2.75 3.35 0 0 0
0 2.75 3.35 3.55 0 0
0 2.75 3.35 3.55 0 0
0 2.75 3.35 3.55 0 0
0 0 0 0 4.2 5.8
0 0 0 0 4.2 5.8
0 0 0 0 4.2 5.8
0 0 0 0 4.2 5.8
0 0 0 0 4.2 5.8
0 0 3.35 0 4.2 5.8
0 0 3.35 0 4.2 5.8
0 0 3.35 0 4.2 5.8
0 0 3.35 0 4.2 5.8
0 0 3.35 0 4.2 5.8
